p_val avg_log2FC pct.1 pct.2 p_val_adj cluster gene
8.00613016550582e-62 4.28676632007037 0.486 0.031 1.1459974718905e-57 0 UBE2C
1.06269728532107e-49 4.21087929271535 0.395 0.023 1.52114489420857e-45 0 GTSE1
5.29795838862547e-100 3.85811566256042 0.957 0.472 7.5834976374785e-96 0 H4C3
1.38293302083282e-60 3.55732300413361 0.549 0.06 1.9795303260201e-56 0 ASPM
8.17929111860052e-56 3.5529263535133 0.51 0.053 1.17078373071648e-51 0 UBE2S
9.6619892232823e-36 3.54471073026609 0.328 0.029 1.38301713742063e-31 0 HMMR
2.47219257829156e-30 3.24173523688698 0.304 0.034 3.53869645656654e-26 0 CENPE
1.60370509570751e-82 3.17772214322691 0.763 0.108 2.29554347399573e-78 0 H3C8
4.75480027345199e-29 3.16542993492863 0.277 0.026 6.80602111141918e-25 0 KIF2C
2.88017207155268e-72 3.161642372565 0.672 0.079 4.1226783032205e-68 0 TOP2A
1.726821631963e-76 3.10936936346149 0.787 0.158 2.47177248399183e-72 0 H3C4
1.05495669974484e-29 3.05075779474782 0.296 0.032 1.51006502001476e-25 0 CDKN3
9.31512019417117e-41 3.04120365124606 0.407 0.047 1.33336630459366e-36 0 CDCA8
5.73600329829468e-71 3.02233103670035 0.684 0.097 8.210515121179e-67 0 NUSAP1
2.09731702228479e-33 2.92168436619045 0.32 0.031 3.00209958569845e-29 0 CCNA2
7.85473101731388e-24 2.9196260424143 0.285 0.045 1.12432619781831e-19 0 H1-1
1.64511549082462e-87 2.87199278818531 0.913 0.308 2.35481831356636e-83 0 H1-5
1.79127396813267e-50 2.82891372948528 0.577 0.101 2.56402955798511e-46 0 CENPF
9.23748639384229e-37 2.82336078769391 0.379 0.043 1.32225380241459e-32 0 BIRC5
6.42766836491614e-42 2.81115972816346 0.439 0.056 9.20056449754097e-38 0 CKS2
3.2469888419498e-19 -3.96382900811552 0.04 0.373 4.64773982836695e-15 1 H3C8
1.66151064417864e-13 -3.60910559395136 0.061 0.321 2.37828633607731e-09 1 H3C3
1.8591502862637e-14 -3.35448785852405 0.04 0.312 2.66118771975785e-10 1 TOP2A
4.13819944767507e-19 -3.14433120014498 0.263 0.547 5.9234186894021e-15 1 H1-5
1.50599292178708e-12 -3.02669766640874 0.076 0.322 2.15567826824602e-08 1 H2AC12
1.0515158262381e-14 -2.98076440315729 0.5 0.645 1.50513975367722e-10 1 H4C3
3.51705090521844e-12 -2.92784454978021 0.056 0.3 5.03430666572967e-08 1 H2AC16
2.89665328649983e-15 -2.813338932228 0.116 0.405 4.14626951429586e-11 1 H3C4
2.57658754578281e-11 -2.66659945798834 0.061 0.287 3.68812741303352e-07 1 TUBB4B
5.75240912198181e-15 -2.64731130542582 0.146 0.432 8.23399841720476e-11 1 H3C2
2.73784170345382e-11 -2.28067931875446 0.091 0.333 3.91894661432379e-07 1 H2AC11
7.92232806083643e-15 -2.22162661584787 0.177 0.462 1.13400203862813e-10 1 MKI67
7.62996208715005e-09 -2.05458995001368 0.086 0.284 0.000109215277315466 1 CENPF
1.04835841874847e-09 -1.97358585958656 0.131 0.348 1.50062024059656e-05 1 H2AC20
1.55875236376367e-07 -1.95066730706604 0.086 0.263 0.00223119813349132 1 H3C7
4.7415212630884e-08 -1.92109909802974 0.187 0.383 0.000678701353598474 1 GZMA
4.98670346119521e-15 -1.76000511832349 0.374 0.626 7.13796733435482e-11 1 H1-3
1.21671027247959e-11 -1.75178052946134 0.409 0.598 1.74159908402729e-07 1 H1-2
2.33054727468039e-10 -1.70669929230333 0.086 0.32 3.33594536897751e-06 1 NUSAP1
2.00518324090291e-11 -1.48390877173606 0.379 0.586 2.87021929102843e-07 1 HMGB2
4.42845837516283e-15 -5.14154851983744 0.073 0.463 6.33889531820808e-11 2 CCL5
1.83926684273396e-08 -4.58951040726841 0.018 0.263 0.00026327265586894 2 NKG7
3.73084885178784e-26 4.04524487048397 0.266 0.024 5.34033704644912e-22 2 GNG8
1.88290632861402e-08 -3.7306348414608 0.046 0.298 0.000269519211877811 2 H2AC12
6.1969430204034e-07 -3.36655705432937 0.037 0.25 0.00887030423940542 2 H3C7
3.6846224598858e-09 -3.30331907935138 0.092 0.374 5.27416858908054e-05 2 GZMA
2.41594066913595e-06 -2.82365069957806 0.064 0.271 0.0345817747380119 2 H2AC16
3.86908174444361e-26 2.81494201932579 0.459 0.094 5.53820360899659e-22 2 CD27
6.46654656963383e-10 -2.79002419377478 0.101 0.405 9.25621475977386e-06 2 H3C2
1.20652752511796e-14 2.78597249889805 0.257 0.051 1.72702349945384e-10 2 CYP24A1
4.02623324949769e-07 -2.75014553924794 0.101 0.325 0.00576315027333099 2 H3C8
5.0399869504648e-06 -2.61682929648151 0.514 0.626 0.0721423732089531 2 H4C3
2.91081063766211e-08 -2.56588547864918 0.294 0.51 0.000416653434674955 2 H1-5
2.15762662469944e-13 2.54133165524999 0.275 0.065 3.08842675059478e-09 2 AIF1
3.11673970508276e-08 -2.35558656232931 0.083 0.352 0.000446130121385546 2 RRM2
3.32907274873651e-06 -2.27716550345357 0.055 0.261 0.0476523473254144 2 TUBB4B
4.4472900967268e-12 -2.23019313640637 0.165 0.51 6.36585104445474e-08 2 TUBA1B
5.19836196606754e-17 2.21630994068498 0.431 0.123 7.44093531822908e-13 2 MT3
3.69518701521394e-16 2.18829211994843 0.431 0.131 5.28929069357723e-12 2 NRN1
4.14014834974506e-07 -2.15726941665122 0.128 0.37 0.00592620834782508 2 H3C4
8.03518063573193e-26 4.37026789466385 0.255 0.021 1.15015575619867e-21 3 KLRB1
4.22739965120464e-09 -3.83745959433096 0.02 0.299 6.05109986073433e-05 3 NUSAP1
1.99832022324985e-08 -3.75338372841801 0.02 0.281 0.000286039556755984 3 TOP2A
2.9621529269543e-17 -3.65760940655091 0.049 0.522 4.24002569964238e-13 3 TUBA1B
3.34055754122736e-10 -3.51987838094359 0.039 0.355 4.78167406451284e-06 3 RRM2
6.15185205172147e-09 -3.32295463979477 0.029 0.311 8.80576102683411e-05 3 H2AC11
5.74244044195983e-09 -3.28925114073788 0.02 0.299 8.2197292486213e-05 3 H2AC12
4.21301276677854e-13 -3.22815615423279 0.147 0.527 6.0305064743668e-09 3 H1-5
3.14883872566955e-07 -2.97265603126314 0.02 0.25 0.00450724775192339 3 H3C7
5.48559445510985e-10 -2.9590388269852 0.363 0.645 7.85207990304424e-06 3 H4C3
5.37577787785015e-07 -2.89331684358318 0.029 0.258 0.0076948884543547 3 NUDT1
3.5051428842552e-08 -2.8690167599549 0.059 0.329 0.00050172615245229 3 H3C8
2.03541432818398e-11 -2.7931115677522 0.108 0.484 2.91349206936254e-07 3 FABP5
3.0995258552621e-08 -2.62541525735692 0.039 0.312 0.000443666130922217 3 SMC1A
1.36593050785381e-08 -2.50499025973249 0.108 0.402 0.000195519292894194 3 H3C2
9.04845543653543e-11 -2.45712763479779 0.088 0.438 1.29519591118568e-06 3 MKI67
1.51922394638681e-07 -2.41325193694205 0.039 0.295 0.00217461715685808 3 CCR7
2.37269564454584e-13 -2.32682311581249 0.118 0.536 3.39627654560291e-09 3 TUBB
2.08168098396533e-07 -2.30247985087929 0.108 0.37 0.00297971816044797 3 H3C4
7.06738069381834e-06 -2.29359122311195 0.069 0.288 0.101162487251316 3 H3C3
1.33507981298215e-08 -4.75799857482822 0.021 0.29 0.000191103324430265 4 CD7
1.00852892865178e-08 -4.01819393090439 0.031 0.309 0.000144360830847216 4 H2AC11
4.31067212220471e-23 3.97801431314966 0.351 0.057 6.17029607572382e-19 4 CCL3
1.10415259955577e-07 -3.90285019152259 0.021 0.268 0.00158048403100412 4 HELLS
1.60431541872994e-28 3.59883447498772 0.464 0.082 2.29641709037004e-24 4 CCL4
3.59215934610539e-07 -3.29665681014337 0.052 0.293 0.00514181688801526 4 H2AC12
7.21141486453902e-12 -3.13852557967292 0.34 0.646 1.03224192371011e-07 4 H4C3
9.169994396527e-18 2.97512584336983 0.32 0.062 1.31259299791887e-13 4 TRBV7-6
6.51263389325745e-07 -2.95994261449351 0.031 0.265 0.00932218415480872 4 CENPF
5.73991487821325e-08 -2.94887969931661 0.021 0.279 0.000821611415667445 4 TOP2A
2.6642544347036e-08 -2.83719853499209 0.021 0.292 0.000381361379783474 4 H3C3
2.87327636597519e-28 2.78355821857618 0.629 0.183 4.11280779025689e-24 4 NKG7
1.97399858429017e-07 -2.77593270829688 0.041 0.295 0.00282558157355295 4 NUSAP1
1.09577738786815e-07 -2.74532876795513 0.062 0.327 0.00156849575299446 4 H3C8
1.98527396414493e-08 -2.71327353546204 0.113 0.399 0.000284172115227705 4 H3C2
1.32760477131632e-38 2.69793913295653 0.887 0.355 1.90033346966219e-34 4 CCL5
4.50749709666285e-08 -2.67440289761392 0.041 0.319 0.000645203134416321 4 PTTG1
1.14994330619369e-06 -2.66365449530751 0.052 0.281 0.0164602884848565 4 TYMS
8.21359157156144e-16 2.60739473402336 0.34 0.081 1.17569349755331e-11 4 PRF1
7.11665085190697e-16 2.58275241008327 0.33 0.076 1.01867740294196e-11 4 TRBV7-9
8.37923233672995e-23 4.17252907603824 0.267 0.027 1.19940331667953e-18 5 ENSG00000273175
1.04277069344362e-37 4.13221021955866 0.384 0.029 1.49262197059519e-33 5 CPB2-AS1
1.46431725796467e-32 3.82689479213514 0.407 0.046 2.09602372305062e-28 5 TMPO-AS1
4.15460468052707e-24 3.73738640996959 0.535 0.143 5.94690113970645e-20 5 H2AC13
8.51242141245083e-21 3.64529012054109 0.279 0.034 1.21846800097821e-16 5 MFSD11
8.28144581538198e-32 3.63985189689015 0.407 0.047 1.18540615401378e-27 5 ENO3
1.70388398176255e-43 3.519173644643 0.802 0.217 2.43893953149492e-39 5 ENSG00000273149
8.95302889700987e-23 3.4164445076251 0.337 0.048 1.28153655631799e-18 5 ENSG00000269968
1.32940767745121e-11 3.1307872418204 0.256 0.057 1.90291414950366e-07 5 ENSG00000234961
2.19385560327108e-22 3.06396141070083 0.802 0.416 3.14028491052223e-18 5 ENSG00000289901
1.65499114754371e-19 3.02446810254517 0.291 0.039 2.36895432859407e-15 5 FOXJ3
3.64506740822722e-19 2.98593462267515 0.453 0.118 5.21754948813644e-15 5 H4C6
1.33545319648892e-12 2.93346140673977 0.512 0.235 1.91156770545423e-08 5 H3C3
6.88084773378363e-16 2.77678878974235 0.302 0.057 9.84924544613789e-12 5 CTBP1
8.48621184679024e-07 -2.65829867412555 0.081 0.338 0.0121471636374955 5 CYTOR
3.22321419022692e-07 -2.55427843319655 0.081 0.355 0.00461370879189081 5 PCED1B-AS1
5.10814315781278e-07 2.54881337177217 0.256 0.089 0.00731179611609321 5 H2AC21
8.79291851372381e-08 2.46571086492475 0.326 0.128 0.00125861835605443 5 CTLA4
1.32653387360682e-12 2.43190094738629 0.36 0.102 1.8988005866808e-08 5 MRPL37
8.11965209313386e-08 2.39050672435662 0.267 0.091 0.00116224700061118 5 PDE7A
8.49579201775417e-08 3.23827900667324 0.276 0.045 0.00121608766942133 6 SLC6A6
8.05916567893173e-09 2.40827258989202 0.379 0.073 0.000115358897528229 6 PGP
4.43764364736539e-11 2.39137908366967 0.31 0.039 6.35204311683881e-07 6 UNG
9.23312453279855e-09 2.24468213342972 0.414 0.09 0.000132162944562478 6 UHRF1
2.95108836414686e-07 2.14604671377024 0.276 0.049 0.00422418788443981 6 RBBP8
1.39728151709517e-07 2.10100356552332 0.414 0.098 0.00200006876357003 6 BCCIP
3.57575917173688e-10 2.09824896784135 0.448 0.084 5.11834167842417e-06 6 SDF2L1
1.11363416782342e-11 2.02741870281005 0.483 0.085 1.59405594782244e-07 6 MCM5
1.69382246715437e-05 2.00776194157298 0.276 0.063 0.242453747948476 6 RABL6
0.00326753317779321 -1.93603193288991 0.31 0.542 1 6 HILPDA
0.00415360315832877 1.91699662624647 0.414 0.189 1 6 SMC2
8.55966758188248e-08 1.91301585770687 0.345 0.067 0.00122523081767066 6 LINC01871
4.27730903830843e-07 1.86225486932707 0.414 0.103 0.00612254015743469 6 CLSPN
0.00012108262909064 1.83967632835658 0.276 0.073 1 6 PCNT
0.00118235391699762 -1.78518240175502 0.31 0.561 1 6 PNRC1
2.20740021450215e-08 1.77561389024126 0.345 0.062 0.000315967266703837 6 CISD1
1.73977259517379e-06 1.74571414190077 0.414 0.109 0.0249031049273177 6 EIF2S1
1.21368829563593e-05 1.69948106279453 0.276 0.062 0.173727342637327 6 EXOSC7
3.92371541753052e-07 1.65714287007941 0.379 0.084 0.00561640624865318 6 NANS
1.23374335876785e-07 1.65362661871391 0.345 0.067 0.0017659802437403 6 STARD7
